ZLIB::VTps : size = 6 (dimension = 6  order = 2 )

    0  1.6617987530668e-16  1.7347234759768e-18  0.0000000000000e+00  0.0000000000000e+00 -2.7217860892112e-17  0.0000000000000e+00   0  0  0  0  0  0
    1  2.2978723128781e-01 -4.9408605495104e-01  0.0000000000000e+00  0.0000000000000e+00  1.1475504718450e-02  0.0000000000000e+00   1  0  0  0  0  0
    2  1.9565144522049e+00  1.4497538731231e-01  0.0000000000000e+00  0.0000000000000e+00 -2.0260079973853e-02  0.0000000000000e+00   0  1  0  0  0  0
    3  0.0000000000000e+00  0.0000000000000e+00  2.4606215088510e-01 -4.8635416143685e-01  0.0000000000000e+00  0.0000000000000e+00   0  0  1  0  0  0
    4  0.0000000000000e+00  0.0000000000000e+00  1.9289651850889e+00  2.5131762338401e-01  0.0000000000000e+00  0.0000000000000e+00   0  0  0  1  0  0
    5  0.0000000000000e+00  0.0000000000000e+00  0.0000000000000e+00  0.0000000000000e+00  1.0000000000000e+00  0.0000000000000e+00   0  0  0  0  1  0
    6 -2.7107498510854e-02  8.3465572461162e-03  0.0000000000000e+00  0.0000000000000e+00 -6.6827622322899e+00  1.0000000000000e+00   0  0  0  0  0  1
    7 -1.2301678535279e-01 -6.2787658857395e-03  0.0000000000000e+00  0.0000000000000e+00 -1.2558230958019e+02  0.0000000000000e+00   2  0  0  0  0  0
    8 -1.8117437618444e-02  8.7260693191255e-02  0.0000000000000e+00  0.0000000000000e+00 -6.8586252759053e+01  0.0000000000000e+00   1  1  0  0  0  0
    9  0.0000000000000e+00  0.0000000000000e+00  1.4156632535159e-02 -3.5375620287706e-02 -0.0000000000000e+00  0.0000000000000e+00   1  0  1  0  0  0
   10  0.0000000000000e+00  0.0000000000000e+00 -1.2422519888372e-01 -4.6243230445719e-02 -0.0000000000000e+00  0.0000000000000e+00   1  0  0  1  0  0
   11  0.0000000000000e+00  0.0000000000000e+00  0.0000000000000e+00  0.0000000000000e+00 -0.0000000000000e+00  0.0000000000000e+00   1  0  0  0  1  0
   12  4.7565215471047e+02  7.0299452047624e+01  0.0000000000000e+00  0.0000000000000e+00 -3.2886693007622e+00  0.0000000000000e+00   1  0  0  0  0  1
   13  1.9667576269518e-01 -4.5685988289011e-02  0.0000000000000e+00  0.0000000000000e+00 -3.2419216465862e+02  0.0000000000000e+00   0  2  0  0  0  0
   14  0.0000000000000e+00  0.0000000000000e+00 -2.1193961723142e-02 -1.2812678351914e-02 -0.0000000000000e+00  0.0000000000000e+00   0  1  1  0  0  0
   15  0.0000000000000e+00  0.0000000000000e+00 -3.6283570286385e-02 -7.0800363704704e-03 -0.0000000000000e+00  0.0000000000000e+00   0  1  0  1  0  0
   16  0.0000000000000e+00  0.0000000000000e+00  0.0000000000000e+00  0.0000000000000e+00 -0.0000000000000e+00  0.0000000000000e+00   0  1  0  0  1  0
   17 -1.4804591945108e+01  3.3030025455340e+02  0.0000000000000e+00  0.0000000000000e+00  8.8691938643632e+00  0.0000000000000e+00   0  1  0  0  0  1
   18 -2.3337989311351e-04 -3.4572081337809e-03  0.0000000000000e+00  0.0000000000000e+00 -1.1436585863783e+02  0.0000000000000e+00   0  0  2  0  0  0
   19 -1.3601491001772e-01 -1.9988407749418e-02  0.0000000000000e+00  0.0000000000000e+00 -1.6072207007979e+01  0.0000000000000e+00   0  0  1  1  0  0
   20  0.0000000000000e+00  0.0000000000000e+00  0.0000000000000e+00  0.0000000000000e+00 -0.0000000000000e+00  0.0000000000000e+00   0  0  1  0  1  0
   21  0.0000000000000e+00  0.0000000000000e+00  4.3726071392140e+02  6.5301960084904e+01 -0.0000000000000e+00  0.0000000000000e+00   0  0  1  0  0  1
   22 -5.6199480885251e-02 -5.3241431486093e-03  0.0000000000000e+00  0.0000000000000e+00 -3.7490568213014e+02  0.0000000000000e+00   0  0  0  2  0  0
   23  0.0000000000000e+00  0.0000000000000e+00  0.0000000000000e+00  0.0000000000000e+00 -0.0000000000000e+00  0.0000000000000e+00   0  0  0  1  1  0
   24  0.0000000000000e+00  0.0000000000000e+00 -1.5349453609730e+02  3.6871412430695e+02 -0.0000000000000e+00  0.0000000000000e+00   0  0  0  1  0  1
   25  0.0000000000000e+00  0.0000000000000e+00  0.0000000000000e+00  0.0000000000000e+00 -0.0000000000000e+00  0.0000000000000e+00   0  0  0  0  2  0
   26  0.0000000000000e+00  0.0000000000000e+00  0.0000000000000e+00  0.0000000000000e+00 -0.0000000000000e+00  0.0000000000000e+00   0  0  0  0  1  1
   27 -4.9725200607158e-01 -4.5600017758274e+00  0.0000000000000e+00  0.0000000000000e+00 -1.4798621541522e+01  0.0000000000000e+00   0  0  0  0  0  2
