2.35032e-05 -1.84344e-06 -7.31677e-05 -5.81556e-06 2.46113e-05 4.94783
-1.66623e-05 3.21982e-06 -2.42048e-05 2.28365e-07 -4.40838e-05 5.06785
-7.89783e-05 4.84094e-06 -6.51086e-06 -1.35854e-06 -1.28898e-05 5.0172
-6.99388e-06 4.65314e-06 -6.15687e-05 -3.23863e-06 -3.47446e-06 5.00366
-2.82256e-05 -8.39195e-06 6.1173e-05 7.003e-06 2.66329e-05 4.94333
-3.49326e-05 -3.28976e-06 1.34959e-05 -2.85259e-06 1.79622e-05 4.96411
5.21692e-05 1.07075e-05 -2.53355e-06 3.39729e-07 -2.88027e-06 5.00577
-2.56592e-05 4.48774e-06 9.2092e-06 2.7514e-06 -1.55832e-05 5.02449
5.35301e-05 2.11739e-06 4.24149e-05 4.95414e-06 4.89782e-06 4.99239
-2.39172e-05 -2.91894e-06 5.74453e-05 6.9176e-06 -3.95383e-05 5.05965
-4.99436e-05 -9.87356e-06 9.58481e-07 -3.06625e-06 2.21269e-05 4.95477
7.85738e-05 9.67104e-06 -2.09919e-05 -2.84441e-06 -6.99047e-06 5.01402
-5.29847e-05 -6.35059e-07 -1.62037e-05 1.5152e-06 2.33229e-05 4.94731
1.29104e-05 -3.21074e-06 1.18271e-05 1.26478e-06 -2.32203e-05 5.03709
8.48397e-05 9.78899e-06 3.62754e-05 -1.16542e-06 1.81007e-05 4.96725
-2.74474e-05 1.57193e-06 -1.64205e-06 4.86768e-06 -2.68473e-05 5.04134
3.79212e-05 7.04851e-06 -8.08884e-05 -7.65979e-06 1.59717e-06 4.99754
-1.54777e-05 3.81559e-07 1.01904e-05 1.82084e-06 2.63789e-06 4.99629
5.79769e-05 -6.14568e-06 5.68653e-05 7.78664e-06 1.34117e-05 4.97804
-3.19005e-05 9.82084e-07 -2.32388e-05 -2.33404e-06 -2.46929e-05 5.03959
3.16181e-05 -2.54236e-06 4.99476e-05 7.93062e-06 -1.16273e-06 5.00138
-1.54963e-05 9.99447e-07 5.76519e-05 6.86353e-06 6.34095e-06 4.98948
5.87715e-05 9.27585e-06 2.83902e-05 1.66294e-06 -3.2652e-06 5.00696
-7.64333e-05 -7.58934e-06 -2.5516e-05 -2.9636e-06 1.87461e-05 4.95522
-1.971e-05 -6.6739e-06 4.50878e-05 3.28355e-06 1.84858e-05 4.95517
-2.28411e-05 2.29761e-06 6.08059e-05 5.45153e-06 -1.01469e-05 5.01482
3.57086e-05 5.16728e-06 4.30231e-06 6.85801e-07 1.07092e-05 4.97893
-2.13083e-05 1.90801e-06 -8.41846e-07 1.41104e-06 8.45508e-06 4.98391
2.58095e-05 -1.80124e-06 7.25244e-05 6.94439e-06 2.19742e-06 4.9996
-1.56954e-05 6.7982e-06 4.87744e-05 6.99591e-06 -3.08863e-05 5.04808
1.94847e-05 3.25678e-06 3.72591e-05 6.40313e-06 -2.14118e-05 5.03471
-3.54437e-05 4.78009e-06 -1.42992e-05 2.30704e-06 -2.48425e-05 5.03809
-2.14662e-05 -8.00369e-06 2.04431e-05 1.68106e-06 5.60051e-06 4.98488
2.45533e-05 1.24999e-06 2.81685e-05 3.55937e-06 2.93919e-05 4.93647
2.51535e-05 1.00046e-05 7.15616e-05 5.95758e-06 -8.03597e-06 5.01718
1.21861e-07 -1.37445e-06 -2.21721e-05 -6.07547e-06 2.33151e-05 4.95425
-3.05955e-05 -5.78666e-06 -2.74982e-05 4.58451e-06 1.41593e-05 4.97023
-1.06566e-05 -1.1709e-06 5.53429e-05 3.18691e-06 3.87747e-06 4.99107
-4.35682e-05 6.92302e-06 -3.73345e-05 9.65081e-07 -1.28474e-05 5.01749
-3.74459e-05 -1.29818e-06 -1.21378e-07 1.50917e-06 -1.04006e-05 5.01509
2.99401e-05 3.33748e-06 1.34721e-05 1.39343e-06 1.94186e-05 4.96339
9.23611e-06 5.92672e-07 1.49574e-05 -1.12216e-06 2.42678e-05 4.94986
2.5396e-07 -8.98523e-07 3.33079e-05 3.92447e-06 -5.45142e-06 5.01109
-2.35076e-05 1.0639e-05 7.73584e-05 9.52347e-06 1.52753e-05 4.96734
3.35286e-06 4.35476e-06 -2.6587e-06 -3.76458e-06 -3.47063e-07 4.99936
-3.85888e-05 2.89423e-06 -1.44641e-05 -9.68689e-07 -1.36495e-05 5.02065
-2.33737e-05 2.2469e-06 3.97834e-05 8.04601e-07 -7.46495e-07 4.99934
4.1037e-05 1.93096e-06 5.14461e-05 3.77892e-06 1.02333e-05 4.98239
3.19555e-05 4.42811e-06 5.33265e-05 3.7709e-06 -2.02786e-06 5.00146
4.18152e-05 5.16867e-06 -3.20609e-05 3.04187e-06 -1.38388e-05 5.02475
-1.52816e-05 -1.34895e-06 7.09147e-05 5.69831e-06 -2.97576e-05 5.04857
4.07606e-05 5.35409e-06 2.45321e-05 -1.52946e-07 -5.5668e-07 5.00006
8.41567e-05 4.36271e-06 7.19448e-06 1.43657e-06 -1.28603e-05 5.02459
-5.28933e-05 -2.07577e-06 6.15998e-05 3.50319e-06 -2.10633e-05 5.03129
5.50339e-05 8.30557e-06 -6.00366e-05 -6.99626e-06 6.44013e-06 4.99068
7.08675e-05 5.95243e-06 -1.47304e-05 2.84294e-06 2.43419e-06 4.99726
-2.3423e-05 -2.39216e-06 3.0134e-06 -2.44587e-07 -1.22348e-05 5.01781
-2.99254e-05 -5.04603e-06 -9.67772e-06 -2.81154e-06 -2.10019e-05 5.03131
-5.94196e-05 -3.24436e-06 -4.21548e-05 -4.91758e-06 4.08293e-06 4.99132
3.38914e-05 9.33284e-06 -5.77508e-05 -6.85684e-06 -7.90014e-06 5.01417
3.8942e-05 8.53519e-07 -7.42896e-07 3.04768e-06 3.08386e-05 4.93191
-8.77921e-06 -4.62266e-06 2.07625e-05 2.78824e-06 1.83328e-05 4.96737
2.91518e-05 1.4111e-07 1.66466e-05 -1.51548e-06 -7.57531e-06 5.01293
-2.90957e-05 5.83147e-06 -1.13818e-05 -1.19591e-06 -1.72259e-05 5.02732
-4.96748e-05 -8.78398e-07 -3.57493e-05 1.33798e-06 -1.33732e-05 5.02045
-4.81249e-06 4.4931e-07 1.97705e-06 -4.88607e-06 -3.8939e-05 5.05945
-1.82411e-05 -6.94533e-06 8.08246e-05 7.71657e-06 2.01094e-06 4.9966
1.08787e-05 -2.25628e-06 -9.89089e-06 -1.78378e-06 -2.17876e-05 5.03463
-2.7379e-05 4.53562e-06 -5.61085e-05 -7.75631e-06 -2.96452e-06 5.00492
2.02821e-05 -4.22016e-07 2.34098e-05 2.27413e-06 1.10028e-05 4.97781
-2.61655e-05 9.50295e-06 -5.14112e-05 -8.02805e-06 1.4578e-05 4.96862
-2.9199e-06 -4.17375e-06 -5.70672e-05 -6.97231e-06 -2.72541e-05 5.04235
-3.66703e-05 -7.96104e-06 -2.80018e-05 -1.7021e-06 -4.03162e-05 5.06254
4.92216e-05 6.55496e-06 2.53035e-05 2.96072e-06 4.39798e-06 4.99407
-8.61701e-05 1.93907e-07 -4.41978e-05 -3.18271e-06 6.28874e-06 4.98409
2.14447e-05 1.16403e-06 -6.16716e-05 -5.46426e-06 2.00118e-05 4.96065
-9.25289e-05 -7.32611e-06 -4.78667e-06 -7.80195e-07 -2.12944e-05 5.03149
-5.03925e-06 -2.78609e-06 4.27313e-07 -1.47255e-06 -1.6421e-05 5.02661
8.57331e-06 8.81872e-07 -7.47842e-05 -6.89438e-06 3.82348e-05 4.90533
1.66907e-06 -1.19654e-05 -5.09053e-05 -7.01777e-06 2.78862e-05 4.94109
-3.52621e-05 -8.93289e-06 -3.89134e-05 -6.29411e-06 3.30255e-05 4.92533
-1.26968e-05 -4.7394e-06 1.34741e-05 -2.42004e-06 2.01961e-05 4.95499
-2.77648e-05 4.07686e-07 -2.07484e-05 -1.78906e-06 9.65403e-06 4.98416
2.21939e-06 4.94951e-07 -2.70924e-05 -3.50651e-06 -1.43902e-06 5.00269
5.02857e-05 -4.34307e-06 -7.11728e-05 -5.83995e-06 -4.67714e-06 5.01
-5.45187e-06 -6.39002e-06 2.08912e-05 5.88177e-06 1.12929e-05 4.978
2.48384e-05 7.16761e-06 2.88118e-05 -4.51996e-06 1.61567e-05 4.96757
-2.47821e-06 1.08799e-06 -5.49141e-05 -3.12419e-06 -7.31491e-06 5.01308
1.17441e-05 -5.72208e-06 3.80596e-05 -8.75004e-07 5.4355e-06 4.99019
4.8557e-05 1.0995e-05 1.55843e-07 -1.46748e-06 -3.1254e-05 5.05082
-1.6907e-05 -5.01386e-06 -1.34896e-05 -1.46742e-06 1.00973e-05 4.97956
4.54453e-06 -1.54297e-06 -1.52649e-05 1.14378e-06 -3.45323e-05 5.05517
3.28426e-05 5.50714e-06 -3.29375e-05 -3.92084e-06 -2.22961e-05 5.0363
4.2075e-06 -1.15017e-05 -7.68392e-05 -9.59757e-06 1.4199e-05 4.97241
-9.16364e-06 1.20991e-06 2.64432e-06 3.86448e-06 -3.13824e-06 5.00344
5.70128e-06 1.50571e-06 1.45894e-05 1.00133e-06 -1.43683e-06 4.99897
1.21405e-05 3.86202e-06 -3.90437e-05 -5.8093e-07 -2.45277e-05 5.03781
-1.30993e-05 -4.42626e-06 -5.18513e-05 -3.7685e-06 2.75582e-05 4.94199
-4.49782e-05 2.11815e-06 -5.33736e-05 -3.793e-06 -1.73824e-05 5.02754
-2.82094e-05 -9.58896e-07 3.17188e-05 -3.09021e-06 -3.32018e-05 5.05198
