           +0 +0.000000E+00 +0.000000E+00 +0.000000E+00 mkb
           +1 +0.000000E+00 +0.000000E+00 +0.000000E+00 mk1
           +2 +0.000000E+00 +0.000000E+00 +5.000000E-04 q1h
           +3 +0.000000E+00 +0.000000E+00 +1.000000E-03 s1
           +4 +0.000000E+00 +0.000000E+00 +1.501000E+00 drift
           +5 +0.000000E+00 +0.000000E+00 +1.501500E+00 s2
           +6 +0.000000E+00 +0.000000E+00 +1.502500E+00 q2
           +7 -2.740481E-01 +0.000000E+00 +4.984611E+00 bend
           +8 -2.741263E-01 +0.000000E+00 +4.985105E+00 s3
           +9 -2.742045E-01 +0.000000E+00 +4.985599E+00 q3h
          +10 -2.742827E-01 +0.000000E+00 +4.986093E+00 q3h
          +11 -2.743609E-01 +0.000000E+00 +4.986586E+00 s3
          +12 -1.089757E+00 +0.000000E+00 +8.382956E+00 bend
          +13 -1.090066E+00 +0.000000E+00 +8.383907E+00 q2
          +14 -1.090221E+00 +0.000000E+00 +8.384383E+00 s2
          +15 -1.553746E+00 +0.000000E+00 +9.810968E+00 drift
          +16 -1.553901E+00 +0.000000E+00 +9.811443E+00 s1
          +17 -1.554055E+00 +0.000000E+00 +9.811919E+00 q1h
          +18 -1.554055E+00 +0.000000E+00 +9.811919E+00 mk1
          +19 -1.554210E+00 +0.000000E+00 +9.812394E+00 q1h
          +20 -1.554364E+00 +0.000000E+00 +9.812870E+00 s1
          +21 -2.017890E+00 +0.000000E+00 +1.123945E+01 drift
          +22 -2.018044E+00 +0.000000E+00 +1.123993E+01 s2
          +23 -2.018353E+00 +0.000000E+00 +1.124088E+01 q2
          +24 -3.355020E+00 +0.000000E+00 +1.446788E+01 bend
          +25 -3.355247E+00 +0.000000E+00 +1.446833E+01 s3
          +26 -3.355474E+00 +0.000000E+00 +1.446877E+01 q3h
          +27 -3.355701E+00 +0.000000E+00 +1.446922E+01 q3h
          +28 -3.355928E+00 +0.000000E+00 +1.446966E+01 s3
          +29 -5.180952E+00 +0.000000E+00 +1.744783E+01 bend
          +30 -5.181540E+00 +0.000000E+00 +1.744864E+01 q2
          +31 -5.181834E+00 +0.000000E+00 +1.744904E+01 s2
          +32 -6.063511E+00 +0.000000E+00 +1.866257E+01 drift
          +33 -6.063805E+00 +0.000000E+00 +1.866297E+01 s1
          +34 -6.064099E+00 +0.000000E+00 +1.866338E+01 q1h
          +35 -6.064099E+00 +0.000000E+00 +1.866338E+01 mk1
          +36 -6.064099E+00 +0.000000E+00 +1.866338E+01 mk1
          +37 -6.064393E+00 +0.000000E+00 +1.866378E+01 q1h
          +38 -6.064687E+00 +0.000000E+00 +1.866419E+01 s1
          +39 -6.946365E+00 +0.000000E+00 +1.987771E+01 drift
          +40 -6.946659E+00 +0.000000E+00 +1.987812E+01 s2
          +41 -6.947247E+00 +0.000000E+00 +1.987893E+01 q2
          +42 -9.215690E+00 +0.000000E+00 +2.253493E+01 bend
          +43 -9.216043E+00 +0.000000E+00 +2.253529E+01 s3
          +44 -9.216397E+00 +0.000000E+00 +2.253564E+01 q3h
          +45 -9.216750E+00 +0.000000E+00 +2.253599E+01 q3h
          +46 -9.217104E+00 +0.000000E+00 +2.253635E+01 s3
          +47 -1.187311E+01 +0.000000E+00 +2.480479E+01 bend
          +48 -1.187392E+01 +0.000000E+00 +2.480538E+01 q2
          +49 -1.187432E+01 +0.000000E+00 +2.480567E+01 s2
          +50 -1.308785E+01 +0.000000E+00 +2.568735E+01 drift
          +51 -1.308825E+01 +0.000000E+00 +2.568764E+01 s1
          +52 -1.308866E+01 +0.000000E+00 +2.568794E+01 q1h
          +53 -1.308866E+01 +0.000000E+00 +2.568794E+01 mk1
          +54 -1.308866E+01 +0.000000E+00 +2.568794E+01 mk1
          +55 -1.308906E+01 +0.000000E+00 +2.568823E+01 q1h
          +56 -1.308947E+01 +0.000000E+00 +2.568852E+01 s1
          +57 -1.430299E+01 +0.000000E+00 +2.657020E+01 drift
          +58 -1.430340E+01 +0.000000E+00 +2.657050E+01 s2
          +59 -1.430421E+01 +0.000000E+00 +2.657108E+01 q2
          +60 -1.728237E+01 +0.000000E+00 +2.839611E+01 bend
          +61 -1.728282E+01 +0.000000E+00 +2.839633E+01 s3
          +62 -1.728326E+01 +0.000000E+00 +2.839656E+01 q3h
          +63 -1.728371E+01 +0.000000E+00 +2.839679E+01 q3h
          +64 -1.728416E+01 +0.000000E+00 +2.839702E+01 s3
          +65 -2.051115E+01 +0.000000E+00 +2.973368E+01 bend
          +66 -2.051211E+01 +0.000000E+00 +2.973399E+01 q2
          +67 -2.051258E+01 +0.000000E+00 +2.973415E+01 s2
          +68 -2.193917E+01 +0.000000E+00 +3.019767E+01 drift
          +69 -2.193964E+01 +0.000000E+00 +3.019783E+01 s1
          +70 -2.194012E+01 +0.000000E+00 +3.019798E+01 q1h
          +71 -2.194012E+01 +0.000000E+00 +3.019798E+01 mk1
          +72 -2.194012E+01 +0.000000E+00 +3.019798E+01 mk1
          +73 -2.194059E+01 +0.000000E+00 +3.019813E+01 q1h
          +74 -2.194107E+01 +0.000000E+00 +3.019829E+01 s1
          +75 -2.336765E+01 +0.000000E+00 +3.066181E+01 drift
          +76 -2.336813E+01 +0.000000E+00 +3.066197E+01 s2
          +77 -2.336908E+01 +0.000000E+00 +3.066228E+01 q2
          +78 -2.676545E+01 +0.000000E+00 +3.147767E+01 bend
          +79 -2.676594E+01 +0.000000E+00 +3.147775E+01 s3
          +80 -2.676644E+01 +0.000000E+00 +3.147783E+01 q3h
          +81 -2.676693E+01 +0.000000E+00 +3.147791E+01 q3h
          +82 -2.676742E+01 +0.000000E+00 +3.147799E+01 s3
          +83 -3.024954E+01 +0.000000E+00 +3.175204E+01 bend
          +84 -3.025054E+01 +0.000000E+00 +3.175204E+01 q2
          +85 -3.025104E+01 +0.000000E+00 +3.175204E+01 s2
          +86 -3.175104E+01 +0.000000E+00 +3.175204E+01 drift
          +87 -3.175154E+01 +0.000000E+00 +3.175204E+01 s1
          +88 -3.175204E+01 +0.000000E+00 +3.175204E+01 q1h
          +89 -3.175204E+01 +0.000000E+00 +3.175204E+01 mk1
          +90 -3.175204E+01 +0.000000E+00 +3.175204E+01 mk1
          +91 -3.175254E+01 +0.000000E+00 +3.175204E+01 q1h
          +92 -3.175304E+01 +0.000000E+00 +3.175204E+01 s1
          +93 -3.325304E+01 +0.000000E+00 +3.175204E+01 drift
          +94 -3.325354E+01 +0.000000E+00 +3.175204E+01 s2
          +95 -3.325454E+01 +0.000000E+00 +3.175204E+01 q2
          +96 -3.673665E+01 +0.000000E+00 +3.147799E+01 bend
          +97 -3.673714E+01 +0.000000E+00 +3.147791E+01 s3
          +98 -3.673763E+01 +0.000000E+00 +3.147783E+01 q3h
          +99 -3.673813E+01 +0.000000E+00 +3.147775E+01 q3h
         +100 -3.673862E+01 +0.000000E+00 +3.147767E+01 s3
         +101 -4.013499E+01 +0.000000E+00 +3.066228E+01 bend
         +102 -4.013594E+01 +0.000000E+00 +3.066197E+01 q2
         +103 -4.013642E+01 +0.000000E+00 +3.066181E+01 s2
         +104 -4.156300E+01 +0.000000E+00 +3.019829E+01 drift
         +105 -4.156348E+01 +0.000000E+00 +3.019813E+01 s1
         +106 -4.156395E+01 +0.000000E+00 +3.019798E+01 q1h
         +107 -4.156395E+01 +0.000000E+00 +3.019798E+01 mk1
         +108 -4.156395E+01 +0.000000E+00 +3.019798E+01 mk1
         +109 -4.156443E+01 +0.000000E+00 +3.019783E+01 q1h
         +110 -4.156491E+01 +0.000000E+00 +3.019767E+01 s1
         +111 -4.299149E+01 +0.000000E+00 +2.973415E+01 drift
         +112 -4.299197E+01 +0.000000E+00 +2.973399E+01 s2
         +113 -4.299292E+01 +0.000000E+00 +2.973368E+01 q2
         +114 -4.621992E+01 +0.000000E+00 +2.839702E+01 bend
         +115 -4.622036E+01 +0.000000E+00 +2.839679E+01 s3
         +116 -4.622081E+01 +0.000000E+00 +2.839656E+01 q3h
         +117 -4.622125E+01 +0.000000E+00 +2.839633E+01 q3h
         +118 -4.622170E+01 +0.000000E+00 +2.839611E+01 s3
         +119 -4.919987E+01 +0.000000E+00 +2.657108E+01 bend
         +120 -4.920067E+01 +0.000000E+00 +2.657050E+01 q2
         +121 -4.920108E+01 +0.000000E+00 +2.657020E+01 s2
         +122 -5.041460E+01 +0.000000E+00 +2.568852E+01 drift
         +123 -5.041501E+01 +0.000000E+00 +2.568823E+01 s1
         +124 -5.041541E+01 +0.000000E+00 +2.568794E+01 q1h
         +125 -5.041541E+01 +0.000000E+00 +2.568794E+01 mk1
         +126 -5.041541E+01 +0.000000E+00 +2.568794E+01 mk1
         +127 -5.041582E+01 +0.000000E+00 +2.568764E+01 q1h
         +128 -5.041622E+01 +0.000000E+00 +2.568735E+01 s1
         +129 -5.162975E+01 +0.000000E+00 +2.480567E+01 drift
         +130 -5.163015E+01 +0.000000E+00 +2.480538E+01 s2
         +131 -5.163096E+01 +0.000000E+00 +2.480479E+01 q2
         +132 -5.428697E+01 +0.000000E+00 +2.253635E+01 bend
         +133 -5.428732E+01 +0.000000E+00 +2.253599E+01 s3
         +134 -5.428767E+01 +0.000000E+00 +2.253564E+01 q3h
         +135 -5.428803E+01 +0.000000E+00 +2.253529E+01 q3h
         +136 -5.428838E+01 +0.000000E+00 +2.253493E+01 s3
         +137 -5.655682E+01 +0.000000E+00 +1.987893E+01 bend
         +138 -5.655741E+01 +0.000000E+00 +1.987812E+01 q2
         +139 -5.655771E+01 +0.000000E+00 +1.987771E+01 s2
         +140 -5.743938E+01 +0.000000E+00 +1.866419E+01 drift
         +141 -5.743968E+01 +0.000000E+00 +1.866378E+01 s1
         +142 -5.743997E+01 +0.000000E+00 +1.866338E+01 q1h
         +143 -5.743997E+01 +0.000000E+00 +1.866338E+01 mk1
         +144 -5.743997E+01 +0.000000E+00 +1.866338E+01 mk1
         +145 -5.744027E+01 +0.000000E+00 +1.866297E+01 q1h
         +146 -5.744056E+01 +0.000000E+00 +1.866257E+01 s1
         +147 -5.832224E+01 +0.000000E+00 +1.744904E+01 drift
         +148 -5.832253E+01 +0.000000E+00 +1.744864E+01 s2
         +149 -5.832312E+01 +0.000000E+00 +1.744783E+01 q2
         +150 -6.014814E+01 +0.000000E+00 +1.446966E+01 bend
         +151 -6.014837E+01 +0.000000E+00 +1.446922E+01 s3
         +152 -6.014860E+01 +0.000000E+00 +1.446877E+01 q3h
         +153 -6.014882E+01 +0.000000E+00 +1.446833E+01 q3h
         +154 -6.014905E+01 +0.000000E+00 +1.446788E+01 s3
         +155 -6.148572E+01 +0.000000E+00 +1.124088E+01 bend
         +156 -6.148603E+01 +0.000000E+00 +1.123993E+01 q2
         +157 -6.148618E+01 +0.000000E+00 +1.123945E+01 s2
         +158 -6.194971E+01 +0.000000E+00 +9.812870E+00 drift
         +159 -6.194986E+01 +0.000000E+00 +9.812394E+00 s1
         +160 -6.195002E+01 +0.000000E+00 +9.811919E+00 q1h
         +161 -6.195002E+01 +0.000000E+00 +9.811919E+00 mk1
         +162 -6.195002E+01 +0.000000E+00 +9.811919E+00 mk1
         +163 -6.195017E+01 +0.000000E+00 +9.811443E+00 q1h
         +164 -6.195033E+01 +0.000000E+00 +9.810968E+00 s1
         +165 -6.241385E+01 +0.000000E+00 +8.384383E+00 drift
         +166 -6.241401E+01 +0.000000E+00 +8.383907E+00 s2
         +167 -6.241431E+01 +0.000000E+00 +8.382956E+00 q2
         +168 -6.322971E+01 +0.000000E+00 +4.986586E+00 bend
         +169 -6.322979E+01 +0.000000E+00 +4.986093E+00 s3
         +170 -6.322987E+01 +0.000000E+00 +4.985599E+00 q3h
         +171 -6.322995E+01 +0.000000E+00 +4.985105E+00 q3h
         +172 -6.323002E+01 +0.000000E+00 +4.984611E+00 s3
         +173 -6.350407E+01 +0.000000E+00 +1.502500E+00 bend
         +174 -6.350407E+01 +0.000000E+00 +1.501500E+00 q2
         +175 -6.350407E+01 +0.000000E+00 +1.501000E+00 s2
         +176 -6.350407E+01 +0.000000E+00 +1.000000E-03 drift
         +177 -6.350407E+01 +0.000000E+00 +5.000003E-04 s1
         +178 -6.350407E+01 +0.000000E+00 +3.107671E-10 q1h
         +179 -6.350407E+01 +0.000000E+00 +3.107671E-10 mk1
         +180 -6.350407E+01 +0.000000E+00 +3.107671E-10 mk1
         +181 -6.350407E+01 +0.000000E+00 -4.999997E-04 q1h
         +182 -6.350407E+01 +0.000000E+00 -9.999997E-04 s1
         +183 -6.350407E+01 +0.000000E+00 -1.501000E+00 drift
         +184 -6.350407E+01 +0.000000E+00 -1.501500E+00 s2
         +185 -6.350407E+01 +0.000000E+00 -1.502500E+00 q2
         +186 -6.323002E+01 +0.000000E+00 -4.984611E+00 bend
         +187 -6.322995E+01 +0.000000E+00 -4.985105E+00 s3
         +188 -6.322987E+01 +0.000000E+00 -4.985599E+00 q3h
         +189 -6.322979E+01 +0.000000E+00 -4.986093E+00 q3h
         +190 -6.322971E+01 +0.000000E+00 -4.986586E+00 s3
         +191 -6.241431E+01 +0.000000E+00 -8.382956E+00 bend
         +192 -6.241401E+01 +0.000000E+00 -8.383907E+00 q2
         +193 -6.241385E+01 +0.000000E+00 -8.384383E+00 s2
         +194 -6.195033E+01 +0.000000E+00 -9.810968E+00 drift
         +195 -6.195017E+01 +0.000000E+00 -9.811443E+00 s1
         +196 -6.195002E+01 +0.000000E+00 -9.811919E+00 q1h
         +197 -6.195002E+01 +0.000000E+00 -9.811919E+00 mk1
         +198 -6.195002E+01 +0.000000E+00 -9.811919E+00 mk1
         +199 -6.194986E+01 +0.000000E+00 -9.812394E+00 q1h
         +200 -6.194971E+01 +0.000000E+00 -9.812870E+00 s1
         +201 -6.148618E+01 +0.000000E+00 -1.123945E+01 drift
         +202 -6.148603E+01 +0.000000E+00 -1.123993E+01 s2
         +203 -6.148572E+01 +0.000000E+00 -1.124088E+01 q2
         +204 -6.014905E+01 +0.000000E+00 -1.446788E+01 bend
         +205 -6.014882E+01 +0.000000E+00 -1.446833E+01 s3
         +206 -6.014860E+01 +0.000000E+00 -1.446877E+01 q3h
         +207 -6.014837E+01 +0.000000E+00 -1.446922E+01 q3h
         +208 -6.014814E+01 +0.000000E+00 -1.446966E+01 s3
         +209 -5.832312E+01 +0.000000E+00 -1.744783E+01 bend
         +210 -5.832253E+01 +0.000000E+00 -1.744864E+01 q2
         +211 -5.832224E+01 +0.000000E+00 -1.744904E+01 s2
         +212 -5.744056E+01 +0.000000E+00 -1.866257E+01 drift
         +213 -5.744027E+01 +0.000000E+00 -1.866297E+01 s1
         +214 -5.743997E+01 +0.000000E+00 -1.866338E+01 q1h
         +215 -5.743997E+01 +0.000000E+00 -1.866338E+01 mk1
         +216 -5.743997E+01 +0.000000E+00 -1.866338E+01 mk1
         +217 -5.743968E+01 +0.000000E+00 -1.866378E+01 q1h
         +218 -5.743938E+01 +0.000000E+00 -1.866419E+01 s1
         +219 -5.655771E+01 +0.000000E+00 -1.987771E+01 drift
         +220 -5.655741E+01 +0.000000E+00 -1.987812E+01 s2
         +221 -5.655682E+01 +0.000000E+00 -1.987893E+01 q2
         +222 -5.428838E+01 +0.000000E+00 -2.253493E+01 bend
         +223 -5.428803E+01 +0.000000E+00 -2.253529E+01 s3
         +224 -5.428767E+01 +0.000000E+00 -2.253564E+01 q3h
         +225 -5.428732E+01 +0.000000E+00 -2.253599E+01 q3h
         +226 -5.428697E+01 +0.000000E+00 -2.253635E+01 s3
         +227 -5.163096E+01 +0.000000E+00 -2.480479E+01 bend
         +228 -5.163015E+01 +0.000000E+00 -2.480538E+01 q2
         +229 -5.162975E+01 +0.000000E+00 -2.480567E+01 s2
         +230 -5.041622E+01 +0.000000E+00 -2.568735E+01 drift
         +231 -5.041582E+01 +0.000000E+00 -2.568764E+01 s1
         +232 -5.041541E+01 +0.000000E+00 -2.568794E+01 q1h
         +233 -5.041541E+01 +0.000000E+00 -2.568794E+01 mk1
         +234 -5.041541E+01 +0.000000E+00 -2.568794E+01 mk1
         +235 -5.041501E+01 +0.000000E+00 -2.568823E+01 q1h
         +236 -5.041460E+01 +0.000000E+00 -2.568852E+01 s1
         +237 -4.920108E+01 +0.000000E+00 -2.657020E+01 drift
         +238 -4.920067E+01 +0.000000E+00 -2.657050E+01 s2
         +239 -4.919987E+01 +0.000000E+00 -2.657108E+01 q2
         +240 -4.622170E+01 +0.000000E+00 -2.839611E+01 bend
         +241 -4.622125E+01 +0.000000E+00 -2.839633E+01 s3
         +242 -4.622081E+01 +0.000000E+00 -2.839656E+01 q3h
         +243 -4.622036E+01 +0.000000E+00 -2.839679E+01 q3h
         +244 -4.621992E+01 +0.000000E+00 -2.839702E+01 s3
         +245 -4.299292E+01 +0.000000E+00 -2.973368E+01 bend
         +246 -4.299197E+01 +0.000000E+00 -2.973399E+01 q2
         +247 -4.299149E+01 +0.000000E+00 -2.973415E+01 s2
         +248 -4.156491E+01 +0.000000E+00 -3.019767E+01 drift
         +249 -4.156443E+01 +0.000000E+00 -3.019783E+01 s1
         +250 -4.156395E+01 +0.000000E+00 -3.019798E+01 q1h
         +251 -4.156395E+01 +0.000000E+00 -3.019798E+01 mk1
         +252 -4.156395E+01 +0.000000E+00 -3.019798E+01 mk1
         +253 -4.156348E+01 +0.000000E+00 -3.019813E+01 q1h
         +254 -4.156300E+01 +0.000000E+00 -3.019829E+01 s1
         +255 -4.013642E+01 +0.000000E+00 -3.066181E+01 drift
         +256 -4.013594E+01 +0.000000E+00 -3.066197E+01 s2
         +257 -4.013499E+01 +0.000000E+00 -3.066228E+01 q2
         +258 -3.673862E+01 +0.000000E+00 -3.147767E+01 bend
         +259 -3.673813E+01 +0.000000E+00 -3.147775E+01 s3
         +260 -3.673763E+01 +0.000000E+00 -3.147783E+01 q3h
         +261 -3.673714E+01 +0.000000E+00 -3.147791E+01 q3h
         +262 -3.673665E+01 +0.000000E+00 -3.147799E+01 s3
         +263 -3.325454E+01 +0.000000E+00 -3.175204E+01 bend
         +264 -3.325354E+01 +0.000000E+00 -3.175204E+01 q2
         +265 -3.325304E+01 +0.000000E+00 -3.175204E+01 s2
         +266 -3.175304E+01 +0.000000E+00 -3.175204E+01 drift
         +267 -3.175254E+01 +0.000000E+00 -3.175204E+01 s1
         +268 -3.175204E+01 +0.000000E+00 -3.175204E+01 q1h
         +269 -3.175204E+01 +0.000000E+00 -3.175204E+01 mk1
         +270 -3.175204E+01 +0.000000E+00 -3.175204E+01 mk1
         +271 -3.175154E+01 +0.000000E+00 -3.175204E+01 q1h
         +272 -3.175104E+01 +0.000000E+00 -3.175204E+01 s1
         +273 -3.025104E+01 +0.000000E+00 -3.175204E+01 drift
         +274 -3.025054E+01 +0.000000E+00 -3.175204E+01 s2
         +275 -3.024954E+01 +0.000000E+00 -3.175204E+01 q2
         +276 -2.676742E+01 +0.000000E+00 -3.147799E+01 bend
         +277 -2.676693E+01 +0.000000E+00 -3.147791E+01 s3
         +278 -2.676644E+01 +0.000000E+00 -3.147783E+01 q3h
         +279 -2.676594E+01 +0.000000E+00 -3.147775E+01 q3h
         +280 -2.676545E+01 +0.000000E+00 -3.147767E+01 s3
         +281 -2.336908E+01 +0.000000E+00 -3.066228E+01 bend
         +282 -2.336813E+01 +0.000000E+00 -3.066197E+01 q2
         +283 -2.336765E+01 +0.000000E+00 -3.066181E+01 s2
         +284 -2.194107E+01 +0.000000E+00 -3.019829E+01 drift
         +285 -2.194059E+01 +0.000000E+00 -3.019813E+01 s1
         +286 -2.194012E+01 +0.000000E+00 -3.019798E+01 q1h
         +287 -2.194012E+01 +0.000000E+00 -3.019798E+01 mk1
         +288 -2.194012E+01 +0.000000E+00 -3.019798E+01 mk1
         +289 -2.193964E+01 +0.000000E+00 -3.019783E+01 q1h
         +290 -2.193917E+01 +0.000000E+00 -3.019767E+01 s1
         +291 -2.051258E+01 +0.000000E+00 -2.973415E+01 drift
         +292 -2.051211E+01 +0.000000E+00 -2.973399E+01 s2
         +293 -2.051115E+01 +0.000000E+00 -2.973368E+01 q2
         +294 -1.728416E+01 +0.000000E+00 -2.839702E+01 bend
         +295 -1.728371E+01 +0.000000E+00 -2.839679E+01 s3
         +296 -1.728326E+01 +0.000000E+00 -2.839656E+01 q3h
         +297 -1.728282E+01 +0.000000E+00 -2.839633E+01 q3h
         +298 -1.728237E+01 +0.000000E+00 -2.839611E+01 s3
         +299 -1.430421E+01 +0.000000E+00 -2.657108E+01 bend
         +300 -1.430340E+01 +0.000000E+00 -2.657050E+01 q2
         +301 -1.430299E+01 +0.000000E+00 -2.657020E+01 s2
         +302 -1.308947E+01 +0.000000E+00 -2.568852E+01 drift
         +303 -1.308906E+01 +0.000000E+00 -2.568823E+01 s1
         +304 -1.308866E+01 +0.000000E+00 -2.568794E+01 q1h
         +305 -1.308866E+01 +0.000000E+00 -2.568794E+01 mk1
         +306 -1.308866E+01 +0.000000E+00 -2.568794E+01 mk1
         +307 -1.308825E+01 +0.000000E+00 -2.568764E+01 q1h
         +308 -1.308785E+01 +0.000000E+00 -2.568735E+01 s1
         +309 -1.187432E+01 +0.000000E+00 -2.480567E+01 drift
         +310 -1.187392E+01 +0.000000E+00 -2.480538E+01 s2
         +311 -1.187311E+01 +0.000000E+00 -2.480479E+01 q2
         +312 -9.217104E+00 +0.000000E+00 -2.253635E+01 bend
         +313 -9.216750E+00 +0.000000E+00 -2.253599E+01 s3
         +314 -9.216397E+00 +0.000000E+00 -2.253564E+01 q3h
         +315 -9.216043E+00 +0.000000E+00 -2.253529E+01 q3h
         +316 -9.215690E+00 +0.000000E+00 -2.253493E+01 s3
         +317 -6.947247E+00 +0.000000E+00 -1.987893E+01 bend
         +318 -6.946659E+00 +0.000000E+00 -1.987812E+01 q2
         +319 -6.946365E+00 +0.000000E+00 -1.987771E+01 s2
         +320 -6.064687E+00 +0.000000E+00 -1.866419E+01 drift
         +321 -6.064393E+00 +0.000000E+00 -1.866378E+01 s1
         +322 -6.064099E+00 +0.000000E+00 -1.866338E+01 q1h
         +323 -6.064099E+00 +0.000000E+00 -1.866338E+01 mk1
         +324 -6.064099E+00 +0.000000E+00 -1.866338E+01 mk1
         +325 -6.063805E+00 +0.000000E+00 -1.866297E+01 q1h
         +326 -6.063511E+00 +0.000000E+00 -1.866257E+01 s1
         +327 -5.181834E+00 +0.000000E+00 -1.744904E+01 drift
         +328 -5.181540E+00 +0.000000E+00 -1.744864E+01 s2
         +329 -5.180952E+00 +0.000000E+00 -1.744783E+01 q2
         +330 -3.355928E+00 +0.000000E+00 -1.446966E+01 bend
         +331 -3.355701E+00 +0.000000E+00 -1.446922E+01 s3
         +332 -3.355474E+00 +0.000000E+00 -1.446877E+01 q3h
         +333 -3.355247E+00 +0.000000E+00 -1.446833E+01 q3h
         +334 -3.355020E+00 +0.000000E+00 -1.446788E+01 s3
         +335 -2.018353E+00 +0.000000E+00 -1.124088E+01 bend
         +336 -2.018044E+00 +0.000000E+00 -1.123993E+01 q2
         +337 -2.017890E+00 +0.000000E+00 -1.123945E+01 s2
         +338 -1.554364E+00 +0.000000E+00 -9.812870E+00 drift
         +339 -1.554210E+00 +0.000000E+00 -9.812394E+00 s1
         +340 -1.554055E+00 +0.000000E+00 -9.811919E+00 q1h
         +341 -1.554055E+00 +0.000000E+00 -9.811919E+00 mk1
         +342 -1.554055E+00 +0.000000E+00 -9.811919E+00 mk1
         +343 -1.553901E+00 +0.000000E+00 -9.811443E+00 q1h
         +344 -1.553746E+00 +0.000000E+00 -9.810968E+00 s1
         +345 -1.090221E+00 +0.000000E+00 -8.384383E+00 drift
         +346 -1.090066E+00 +0.000000E+00 -8.383907E+00 s2
         +347 -1.089757E+00 +0.000000E+00 -8.382956E+00 q2
         +348 -2.743609E-01 +0.000000E+00 -4.986586E+00 bend
         +349 -2.742827E-01 +0.000000E+00 -4.986093E+00 s3
         +350 -2.742045E-01 +0.000000E+00 -4.985599E+00 q3h
         +351 -2.741263E-01 +0.000000E+00 -4.985105E+00 q3h
         +352 -2.740481E-01 +0.000000E+00 -4.984611E+00 s3
         +353 -2.916024E-11 +0.000000E+00 -1.502500E+00 bend
         +354 -2.914065E-11 +0.000000E+00 -1.501500E+00 q2
         +355 -2.913086E-11 +0.000000E+00 -1.501000E+00 s2
         +356 +2.491929E-13 +0.000000E+00 -1.000001E-03 drift
         +357 +2.589862E-13 +0.000000E+00 -5.000006E-04 s1
         +358 +2.687796E-13 +0.000000E+00 -6.220426E-10 q1h
         +359 +2.687796E-13 +0.000000E+00 -6.220426E-10 mk1
         +360 +2.687796E-13 +0.000000E+00 -6.220426E-10 mke
