./2D_5Values +2.6872238219e-09 40 +1.248107349

./2D_5Values +2.6872238219e-09 40 +1.248107349 0.1 0.1 0.1

./2D_5Values +2.6872238219e-09 40 +1.248107349 0.1 0.1 0.1 0.1

./2D_5Values +2.6872238219e-09 40 +1.248107349 0.1 0.1 0.1 0.1 0.1

./2D_5Values +2.6872238219e-09 40 +1.248107349 0 0 4.4e+06 0 0

./2D_5Values +2.6872238219e-09 40 +1.248107349 0 0 4.4838e+06 0 0

./2D_5Values +2.6872238219e-09 40 +1.248107349 0 0 4.4845e+06 0 0

./2D_5Values +2.6872238219e-09 40 +1.248107349 0 0 4.4847e+06 0 0

./2D_5Values +2.6872238219e-09 40 +1.248107349 0 0 4.4847359e+06 0 0

./2D_5Values +2.6872238219e-09 40 +1.248107349 0 0 4.4847359e+06 0 0
      cross checks last line in runExample for xyPlotLambda

./2D_5Values +2.6872238219e-09 40 +1.248107349 0 0 +4.484738326260613e+06 0 0
      cross checks Usage for kappaD

###./2D_5Values +2.6872238219e-09 40 +1.248107349 0 0 +4.484738326260613e+06 0 0 100###
                                                      +4.484738326220162e+06  // TDD
