1.08405e-05  9.25187e-07  1.88197e-05  -6.11172e-06  0.000288998  4.948
-6.85412e-05  3.64838e-06  -2.45475e-05  -2.43628e-07  -0.000379261  5.06826
-4.30668e-05  -3.34781e-07  1.42656e-05  -1.32895e-06  -0.000110531  5.01988
2.30052e-05  -1.78025e-06  -5.2267e-06  -3.9956e-06  -3.5722e-05  5.00643
6.13705e-05  -5.89336e-06  -4.67676e-05  6.93601e-06  0.000315116  4.94329
-3.39865e-05  2.75577e-07  5.33639e-05  -2.18359e-06  0.000196694  4.96458
-0.000114979  9.77172e-06  -6.66028e-06  2.0192e-07  -4.07584e-05  5.00734
-4.6771e-05  1.78798e-06  -3.18246e-05  2.57643e-06  -0.000147372  5.02652
2.29627e-05  7.2437e-07  -3.31884e-05  4.89748e-06  3.54595e-05  4.99362
4.76719e-05  -3.57472e-06  -4.7367e-05  6.86301e-06  -0.000337147  5.06067
4.14575e-05  -5.34392e-06  4.51016e-05  -2.57128e-06  0.000251651  4.95472
1.66894e-05  1.16291e-06  2.2203e-05  -2.77969e-06  -8.6343e-05  5.01554
-6.2436e-05  2.75323e-06  -3.6498e-05  1.00167e-06  0.000289453  4.9479
0.000101946  -6.21838e-06  -6.55304e-06  1.18194e-06  -0.00021649  5.03899
-2.48865e-05  4.47124e-06  4.90455e-05  -3.75262e-07  0.00017604  4.96832
-7.01075e-06  -3.19024e-07  -7.1169e-05  4.10621e-06  -0.000239167  5.04305
-4.56959e-05  4.26877e-06  3.85867e-05  -7.87972e-06  5.92936e-06  4.99892
-6.13605e-05  3.00452e-06  -1.74061e-05  1.73406e-06  1.67086e-05  4.99699
4.65575e-05  -2.89597e-07  -6.21997e-05  7.60593e-06  0.000125424  4.97742
-9.71935e-07  -2.27334e-06  1.28189e-05  -2.39767e-06  -0.000229986  5.04141
0.000124416  -7.52723e-06  -7.11682e-05  7.71672e-06  -1.99895e-05  5.0036
-6.19679e-05  2.76039e-06  -4.79804e-05  6.83477e-06  5.44897e-05  4.99021
-9.87949e-05  9.1614e-06  3.52669e-07  1.96524e-06  -4.74592e-05  5.00854
4.97439e-05  -4.2877e-06  2.00634e-05  -2.94056e-06  0.000241377  4.95656
7.74282e-05  -2.52134e-06  -6.56024e-06  3.4591e-06  0.000240481  4.95671
4.71276e-05  -3.94438e-06  -2.39791e-05  5.66145e-06  -9.58258e-05  5.01724
-3.24572e-05  4.74537e-06  -6.76929e-06  7.37519e-07  0.000111323  4.97995
-7.11284e-05  4.18072e-06  -2.07899e-05  1.17331e-06  8.49493e-05  4.98471
5.95755e-05  -4.7794e-06  -3.44975e-05  7.10672e-06  -3.35636e-06  5.0006
-0.000117831  7.94593e-06  -5.65637e-05  6.80126e-06  -0.000272719  5.04909
-2.08474e-05  3.26611e-06  -5.69398e-05  5.97083e-06  -0.000199574  5.03594
-5.14066e-05  1.90322e-06  -4.50987e-05  1.67384e-06  -0.000223013  5.04014
4.25077e-05  3.90232e-07  -6.72587e-06  1.83742e-06  7.82337e-05  4.98593
-5.75745e-05  5.20851e-06  -2.65974e-05  3.48471e-06  0.000355047  4.9361
-0.000111301  5.68432e-06  -2.1304e-05  6.2452e-06  -0.000100666  5.01811
-2.38099e-05  9.70721e-07  6.7542e-05  -5.47598e-06  0.000256073  4.95391
5.94442e-05  -4.68145e-06  -9.04427e-05  3.35887e-06  0.000161806  4.97086
1.19447e-06  5.52621e-07  3.90236e-06  3.60404e-06  4.12937e-05  4.99256
-5.35313e-05  2.51018e-06  -4.65405e-05  8.85921e-08  -0.000111513  5.02008
8.17916e-05  -7.49912e-06  -2.17519e-05  1.28476e-06  -9.85177e-05  5.01773
-6.31033e-05  4.67131e-06  -8.83014e-06  1.47479e-06  0.000202289  4.96357
-2.52978e-05  1.62037e-06  2.94005e-05  -6.73167e-07  0.000277222  4.95009
-1.9841e-05  1.29896e-08  -2.70613e-05  3.93705e-06  -6.83237e-05  5.01228
-0.000139584  8.16462e-06  -6.94298e-05  9.38291e-06  0.000172616  4.96894
-4.66871e-05  3.91583e-06  5.27151e-05  -3.33165e-06  -6.42486e-06  5.00117
-4.4027e-05  1.73991e-06  1.62116e-06  -1.09924e-06  -0.000125354  5.02257
-3.37599e-05  1.73082e-06  2.50604e-05  1.28018e-06  -7.21854e-06  5.00131
3.78277e-06  9.68173e-07  -8.42111e-06  4.06035e-06  9.42551e-05  4.98303
4.8922e-05  -1.41986e-06  -6.15546e-06  4.09388e-06  -2.14832e-05  5.00387
-1.31515e-05  2.2499e-06  -7.17029e-05  2.02847e-06  -0.000144477  5.02599
-1.08405e-05  -9.25187e-07  -1.88197e-05  6.11172e-06  -0.000272866  5.04911
6.85412e-05  -3.64838e-06  2.45475e-05  2.43628e-07  -1.74316e-05  5.00312
4.30668e-05  3.34781e-07  -1.42656e-05  1.32895e-06  -0.000142056  5.02558
-2.30052e-05  1.78025e-06  5.2267e-06  3.9956e-06  -0.000180279  5.03245
-6.13705e-05  5.89336e-06  4.67676e-05  -6.93601e-06  4.80281e-05  4.99136
3.39865e-05  -2.75577e-07  -5.33639e-05  2.18359e-06  6.52008e-06  4.99881
0.000114979  -9.77172e-06  6.66028e-06  -2.0192e-07  -0.00011395  5.0205
4.6771e-05  -1.78798e-06  3.18246e-05  -2.57643e-06  -0.000180864  5.03254
-2.29627e-05  -7.2437e-07  3.31884e-05  -4.89748e-06  4.26947e-05  4.99233
-4.76719e-05  3.57472e-06  4.7367e-05  -6.86301e-06  -8.79151e-05  5.01583
-4.14575e-05  5.34392e-06  -4.51016e-05  2.57128e-06  0.000381104  4.93141
-1.66894e-05  -1.16291e-06  -2.2203e-05  2.77969e-06  0.000181605  4.96731
6.2436e-05  -2.75323e-06  3.6498e-05  -1.00167e-06  -8.06893e-05  5.01452
-0.000101946  6.21838e-06  6.55304e-06  -1.18194e-06  -0.000158397  5.02851
2.48865e-05  -4.47124e-06  -4.90455e-05  3.75262e-07  -0.000125903  5.02267
7.01075e-06  3.19024e-07  7.1169e-05  -4.10621e-06  -0.000335192  5.06034
4.56959e-05  -4.26877e-06  -3.85867e-05  7.87972e-06  1.3616e-05  4.99754
6.13605e-05  -3.00452e-06  1.74061e-05  -1.73406e-06  -0.000201301  5.03623
-4.65575e-05  2.89597e-07  6.21997e-05  -7.60593e-06  -3.84633e-05  5.00694
9.71935e-07  2.27334e-06  -1.28189e-05  2.39767e-06  0.000118413  4.97869
-0.000124416  7.52723e-06  7.11682e-05  -7.71672e-06  0.000166544  4.97001
6.19679e-05  -2.76039e-06  4.79804e-05  -6.83477e-06  -0.000241576  5.0435
9.87949e-05  -9.1614e-06  -3.52669e-07  -1.96524e-06  -0.000351306  5.06323
-4.97439e-05  4.2877e-06  -2.00634e-05  2.94056e-06  2.50639e-05  4.99548
-7.74282e-05  2.52134e-06  6.56024e-06  -3.4591e-06  8.06837e-05  4.98549
-4.71276e-05  3.94438e-06  2.39791e-05  -5.66145e-06  0.000217851  4.96077
3.24572e-05  -4.74537e-06  6.76929e-06  -7.37519e-07  -0.000182233  5.03281
7.11284e-05  -4.18072e-06  2.07899e-05  -1.17331e-06  -0.000155118  5.0279
-5.95755e-05  4.7794e-06  3.44975e-05  -7.10672e-06  0.000529595  4.90467
0.000117831  -7.94593e-06  5.65637e-05  -6.80126e-06  0.000329467  4.94068
2.08474e-05  -3.26611e-06  5.69398e-05  -5.97083e-06  0.000420422  4.92435
5.14066e-05  -1.90322e-06  4.50987e-05  -1.67384e-06  0.000243337  4.95621
-4.25077e-05  -3.90232e-07  6.72587e-06  -1.83742e-06  8.46362e-05  4.98477
5.75745e-05  -5.20851e-06  2.65974e-05  -3.48471e-06  -2.76242e-05  5.00497
0.000111301  -5.68432e-06  2.1304e-05  -6.2452e-06  -6.19439e-05  5.01114
2.38099e-05  -9.70721e-07  -6.7542e-05  5.47598e-06  0.000119012  4.97857
-5.94442e-05  4.68145e-06  9.04427e-05  -3.35887e-06  0.000172778  4.9689
-1.19447e-06  -5.52621e-07  -3.90236e-06  -3.60404e-06  -8.00271e-05  5.01441
5.35313e-05  -2.51018e-06  4.65405e-05  -8.85921e-08  5.13621e-05  4.99076
-8.17916e-05  7.49912e-06  2.17519e-05  -1.28476e-06  -0.000287035  5.05167
6.31033e-05  -4.67131e-06  8.83014e-06  -1.47479e-06  0.000107673  4.98062
2.52978e-05  -1.62037e-06  -2.94005e-05  6.73167e-07  -0.000309309  5.05568
1.9841e-05  -1.29896e-08  2.70613e-05  -3.93705e-06  -0.000212591  5.03825
0.000139584  -8.16462e-06  6.94298e-05  -9.38291e-06  0.000152359  4.97258
4.66871e-05  -3.91583e-06  -5.27151e-05  3.33165e-06  -3.4206e-05  5.00615
4.4027e-05  -1.73991e-06  -1.62116e-06  1.09924e-06  -9.00006e-06  5.00161
3.37599e-05  -1.73082e-06  -2.50604e-05  -1.28018e-06  -0.000223063  5.04015
-3.78277e-06  -9.68173e-07  8.42111e-06  -4.06035e-06  0.000325107  4.94148
-4.8922e-05  1.41986e-06  6.15546e-06  -4.09388e-06  -0.000159956  5.0288
1.31515e-05  -2.2499e-06  7.17029e-05  -2.02847e-06  -0.000295109  5.05313
