# E_pEDM-rtr1-Mobius.RF.sxf   10,000 turns, all sextupoles off
# -------------------------
# Particle xmax   ymax    Delta_sx   de
# Number
11         0.0026 0.0028   0.00005   0.0
12         0.0054 0.0046   0.00018   0.0
13         0.0053 0.0051   0.00001   0.0
14         0.0105 0.0105   0.00000   0.0
15         0.0066 0.0063  -0.00005   0.0
16         0.0130 0.0125  -0.00015   0.0
17         0.0103 0.0103  -0.00003   0.0
18         0.0203 0.0200  -0.0002    0.0
19         0.006  0.006    0.0021  -0.00004
20         0.0029 0.0029   0.0012  -0.00002
21         0.0030 0.0029   0.0012   0.00002
22         0.0060 0.0060   0.0021   0.00004

60722 turns, all sextupoles off

# Particle xmax   ymax    Delta_sx   de
# Number
11         0.0026 0.0028  0.00021     0.0
12         0.0055 0.0053  0.00082     0.0
13         0.0053 0.0051  0.00002     0.0
14         0.0110 0.0105  0.00010     0.0
15         0.0066 0.0063 -0.00025     0.0
16         0.0130 0.0125  0.000099    0.0
17         0.0103 0.0100 -0.00022     0.0
18         0.0203 0.0200 -0.0008      0.0      # curving up?
19         0.0060 0.0059  0.0138     -0.00004
20         0.0030 0.0029  0.00355    -0.00002
21         0.0030 0.0029  0.0035      0.00002
22         0.0060 0.0059  0.0138       0.00004